K=0.0625
FPRs: [0.         0.05263158 0.05263158 0.05263158 0.05263158 0.05263158
 0.05263158 0.05263158 0.05263158 0.05263158 0.05263158 0.05263158
 0.05263158 0.05263158 0.05263158 0.05263158 0.05263158 0.05263158
 0.05263158 0.10526316 0.10526316 0.10526316 0.10526316 0.10526316
 0.10526316 0.10526316 0.10526316 0.10526316 0.10526316 0.10526316
 0.10526316 0.10526316 0.10526316 0.10526316 0.10526316 0.10526316
 0.10526316 0.10526316 0.10526316 0.10526316 0.10526316 0.10526316
 0.10526316 0.10526316 0.10526316 0.10526316 0.10526316 0.10526316
 0.10526316 0.10526316 0.10526316 0.10526316 0.10526316 0.10526316
 0.10526316 0.10526316 0.10526316 0.10526316 0.10526316 0.10526316
 0.10526316 0.10526316 0.10526316 0.10526316 0.10526316 0.10526316
 0.10526316 0.10526316 0.10526316 0.10526316 0.10526316 0.10526316
 0.10526316 0.10526316 0.15789474 0.21052632 0.21052632 0.21052632
 0.21052632 0.26315789 0.26315789 0.26315789 0.36842105 0.36842105
 0.36842105 0.36842105 0.36842105 0.36842105 0.36842105 0.36842105
 0.36842105 0.36842105 0.36842105 0.36842105 0.36842105 0.36842105
 0.36842105 0.36842105 0.36842105 0.36842105 0.36842105 0.36842105
 0.36842105 0.36842105 0.36842105 0.36842105 0.36842105 0.36842105
 0.36842105 0.36842105 0.36842105 0.36842105 0.36842105 0.36842105
 0.36842105 0.36842105 0.36842105 0.36842105 0.36842105 0.36842105
 0.36842105 0.36842105 0.36842105 0.36842105 0.36842105 0.36842105
 0.36842105 0.36842105 0.36842105 0.36842105 0.36842105 0.36842105
 0.36842105 0.36842105 0.36842105 0.36842105 0.36842105 0.36842105
 0.36842105 0.36842105 0.36842105 0.36842105 0.36842105 0.36842105
 0.36842105 0.36842105 0.36842105 0.36842105 0.36842105 0.36842105
 0.36842105 0.36842105 0.36842105 0.36842105 0.36842105 0.36842105
 0.36842105 0.36842105 0.36842105 0.36842105 0.36842105 0.36842105
 0.36842105 0.42105263 0.42105263 0.42105263 0.42105263 0.42105263
 0.42105263 0.42105263 0.42105263 0.42105263 0.42105263 0.42105263
 0.42105263 0.42105263 0.42105263 0.42105263 0.42105263 0.42105263
 0.42105263 0.42105263 0.42105263 0.42105263 0.42105263 0.42105263
 0.42105263 0.42105263 0.42105263 0.42105263 0.47368421 0.47368421
 0.47368421 0.47368421 0.47368421 0.47368421 0.47368421 0.47368421
 0.47368421 0.47368421 0.47368421 0.52631579 0.52631579 0.52631579
 0.52631579 0.52631579 0.52631579 0.52631579 0.52631579 0.52631579
 0.52631579 0.52631579 0.52631579 0.52631579 0.52631579 0.52631579
 0.52631579 0.52631579 0.52631579 0.52631579 0.52631579 0.52631579
 0.52631579 0.52631579 0.52631579 0.52631579 0.52631579 0.52631579
 0.52631579 0.52631579 0.57894737 0.57894737 0.57894737 0.57894737
 0.57894737 0.57894737 0.57894737 0.57894737 0.57894737 0.57894737
 0.57894737 0.57894737 0.57894737 0.57894737 0.57894737 0.57894737
 0.57894737 0.57894737 0.57894737 0.57894737 0.57894737 0.57894737
 0.57894737 0.57894737 0.57894737 0.57894737 0.57894737 0.57894737
 0.57894737 0.57894737 0.57894737 0.57894737 0.57894737 0.57894737
 0.57894737 0.57894737 0.57894737 0.57894737 0.57894737 0.57894737
 0.57894737 0.57894737 0.57894737 0.57894737 0.57894737 0.57894737
 0.57894737 0.57894737 0.57894737 0.57894737 0.57894737 0.57894737
 0.57894737 0.57894737 0.63157895 0.63157895 0.63157895 0.63157895
 0.63157895 0.63157895 0.63157895 0.63157895 0.63157895 0.63157895
 0.63157895 0.63157895 0.63157895 0.63157895 0.63157895 0.63157895
 0.63157895 0.63157895 0.63157895 0.63157895 0.63157895 0.63157895
 0.63157895 0.63157895 0.63157895 0.63157895 0.63157895 0.63157895
 0.63157895 0.63157895 0.63157895 0.63157895 0.63157895 0.63157895
 0.63157895 0.63157895 0.63157895 0.63157895 0.63157895 0.63157895
 0.63157895 0.63157895 0.63157895 0.63157895 0.63157895 0.63157895
 0.68421053 0.68421053 0.68421053 0.68421053 0.68421053 0.68421053
 0.68421053 0.68421053 0.68421053 0.68421053 0.68421053 0.68421053
 0.68421053 0.68421053 0.68421053 0.68421053 0.68421053 0.68421053
 0.68421053 0.68421053 0.68421053 0.68421053 0.68421053 0.68421053
 0.73684211 0.73684211 0.73684211 0.73684211 0.73684211 0.73684211
 0.73684211 0.73684211 0.73684211 0.73684211 0.73684211 0.73684211
 0.73684211 0.73684211 0.73684211 0.73684211 0.73684211 0.73684211
 0.73684211 0.73684211 0.73684211 0.73684211 0.73684211 0.73684211
 0.73684211 0.73684211 0.73684211 0.73684211 0.73684211 0.73684211
 0.73684211 0.73684211 0.73684211 0.73684211 0.73684211 0.73684211
 0.73684211 0.73684211 0.73684211 0.73684211 0.73684211 0.73684211
 0.73684211 0.73684211 0.73684211 0.73684211 0.73684211 0.73684211
 0.73684211 0.73684211 0.73684211 0.73684211 0.73684211 0.73684211
 0.73684211 0.73684211 0.73684211 0.73684211 0.73684211 0.73684211
 0.73684211 0.73684211 0.73684211 0.73684211 0.73684211 0.73684211
 0.73684211 0.73684211 0.73684211 0.73684211 0.73684211 0.73684211
 0.73684211 0.73684211 0.73684211 0.73684211 0.73684211 0.73684211
 0.73684211 0.73684211 0.73684211 0.73684211 0.73684211 0.73684211
 0.73684211 0.73684211 0.73684211 0.73684211 0.73684211 0.73684211
 0.73684211 0.73684211 0.73684211 0.73684211 0.73684211 0.73684211
 0.73684211 0.73684211 0.73684211 0.73684211 0.73684211 0.73684211
 0.73684211 0.73684211 0.73684211 0.73684211 0.73684211 0.73684211
 0.73684211 0.73684211 0.73684211 0.73684211 0.73684211 0.73684211
 0.73684211 0.78947368 0.78947368 0.78947368 0.78947368 0.78947368
 0.78947368 0.78947368 0.78947368 0.78947368 0.78947368 0.78947368
 0.78947368 0.84210526 0.84210526 0.84210526 0.84210526 0.84210526
 0.89473684 0.89473684 0.89473684 0.89473684 0.89473684 0.89473684
 0.89473684 0.89473684 0.89473684 0.89473684 0.89473684 0.94736842
 0.94736842 0.94736842 0.94736842]
TPRs: [0.05 0.05 0.05 0.05 0.05 0.05 0.05 0.05 0.05 0.05 0.05 0.05 0.05 0.05
 0.05 0.05 0.05 0.05 0.05 0.05 0.05 0.05 0.05 0.05 0.05 0.05 0.05 0.05
 0.05 0.1  0.1  0.1  0.1  0.1  0.1  0.1  0.1  0.1  0.1  0.1  0.1  0.1
 0.1  0.1  0.1  0.1  0.1  0.1  0.1  0.1  0.1  0.1  0.1  0.1  0.1  0.1
 0.1  0.1  0.15 0.15 0.15 0.15 0.15 0.15 0.15 0.15 0.15 0.15 0.15 0.15
 0.15 0.15 0.15 0.15 0.15 0.15 0.15 0.15 0.15 0.15 0.15 0.15 0.15 0.15
 0.15 0.15 0.15 0.2  0.2  0.2  0.2  0.2  0.2  0.2  0.2  0.2  0.2  0.2
 0.2  0.2  0.2  0.2  0.2  0.2  0.2  0.2  0.2  0.2  0.2  0.2  0.2  0.2
 0.2  0.2  0.2  0.2  0.2  0.2  0.2  0.25 0.25 0.25 0.25 0.3  0.3  0.3
 0.3  0.3  0.3  0.3  0.3  0.3  0.3  0.3  0.3  0.3  0.3  0.3  0.3  0.3
 0.3  0.3  0.3  0.3  0.3  0.3  0.3  0.3  0.3  0.3  0.3  0.3  0.3  0.3
 0.3  0.3  0.3  0.3  0.3  0.3  0.3  0.3  0.3  0.3  0.3  0.3  0.3  0.3
 0.3  0.3  0.3  0.3  0.3  0.3  0.3  0.3  0.3  0.3  0.3  0.3  0.3  0.35
 0.35 0.35 0.35 0.35 0.35 0.35 0.4  0.4  0.4  0.4  0.4  0.45 0.5  0.5
 0.5  0.5  0.5  0.5  0.5  0.5  0.5  0.5  0.5  0.5  0.5  0.5  0.5  0.5
 0.5  0.5  0.5  0.5  0.5  0.5  0.5  0.5  0.5  0.5  0.5  0.5  0.5  0.5
 0.5  0.5  0.5  0.5  0.5  0.5  0.5  0.5  0.5  0.5  0.5  0.5  0.5  0.5
 0.5  0.5  0.5  0.5  0.5  0.5  0.5  0.5  0.5  0.5  0.5  0.5  0.5  0.5
 0.5  0.5  0.5  0.55 0.55 0.55 0.55 0.55 0.55 0.55 0.55 0.55 0.55 0.55
 0.55 0.55 0.55 0.55 0.55 0.55 0.55 0.55 0.55 0.55 0.55 0.55 0.55 0.6
 0.6  0.6  0.6  0.6  0.6  0.65 0.65 0.65 0.65 0.65 0.65 0.65 0.65 0.65
 0.65 0.65 0.65 0.65 0.65 0.65 0.65 0.65 0.65 0.65 0.65 0.65 0.65 0.65
 0.65 0.65 0.65 0.65 0.65 0.65 0.65 0.65 0.65 0.65 0.7  0.7  0.7  0.7
 0.7  0.7  0.7  0.7  0.7  0.7  0.7  0.7  0.7  0.7  0.7  0.7  0.7  0.7
 0.7  0.7  0.7  0.7  0.7  0.7  0.7  0.7  0.7  0.7  0.7  0.7  0.7  0.7
 0.7  0.7  0.7  0.7  0.7  0.7  0.7  0.7  0.7  0.7  0.7  0.7  0.7  0.7
 0.7  0.7  0.7  0.7  0.7  0.7  0.75 0.75 0.75 0.75 0.75 0.75 0.75 0.75
 0.75 0.75 0.75 0.75 0.75 0.75 0.75 0.75 0.75 0.75 0.75 0.75 0.75 0.75
 0.75 0.75 0.75 0.75 0.75 0.75 0.75 0.75 0.75 0.75 0.8  0.8  0.8  0.8
 0.8  0.8  0.8  0.8  0.8  0.8  0.8  0.8  0.8  0.8  0.8  0.8  0.8  0.8
 0.8  0.8  0.8  0.8  0.8  0.8  0.8  0.8  0.8  0.8  0.8  0.8  0.8  0.8
 0.8  0.8  0.8  0.8  0.8  0.8  0.8  0.8  0.8  0.8  0.8  0.8  0.8  0.8
 0.8  0.8  0.8  0.8  0.8  0.8  0.8  0.8  0.8  0.8  0.8  0.8  0.8  0.8
 0.85 0.85 0.85 0.85 0.9  0.9  0.9  0.9  0.9  0.9  0.9  0.9  0.9  0.9
 0.9  0.9  0.9  0.9  0.9  0.9  0.9  0.9  0.9  0.9  0.9  0.9  0.9  0.9
 0.9  0.95 0.95 0.95 0.95 0.95 0.95 0.95 0.95 0.95 0.95]
In Vals: [2.04856882e-05 9.76335542e-01 9.20188265e-01 7.37806516e-01
 1.79281401e-01 3.88811857e-01 6.35792922e-01 5.69911508e-01
 3.90846124e-01 2.51111536e-01 2.43145352e-01 5.58388348e-01
 3.65409355e-01 9.28411997e-01 5.11264104e-01 1.22610118e-01
 8.02401298e-01 9.99751362e-01 6.52063655e-02 3.79067133e-01]
Out Vals: [0.00946279 0.04566737 0.15357515 0.15698409 0.16457296 0.17045771
 0.17047965 0.33034667 0.38414188 0.40434196 0.46299807 0.56956936
 0.65851291 0.70732189 0.9342763  0.95797075 0.96673404 0.98942986
 0.99577739]

K=0.25
FPRs: [0.         0.05263158 0.05263158 0.05263158 0.05263158 0.05263158
 0.05263158 0.10526316 0.10526316 0.10526316 0.10526316 0.10526316
 0.10526316 0.10526316 0.10526316 0.10526316 0.10526316 0.10526316
 0.10526316 0.10526316 0.10526316 0.10526316 0.10526316 0.10526316
 0.10526316 0.10526316 0.10526316 0.10526316 0.10526316 0.10526316
 0.10526316 0.10526316 0.10526316 0.10526316 0.15789474 0.21052632
 0.21052632 0.21052632 0.21052632 0.21052632 0.21052632 0.21052632
 0.21052632 0.21052632 0.21052632 0.21052632 0.21052632 0.21052632
 0.21052632 0.21052632 0.21052632 0.21052632 0.21052632 0.21052632
 0.21052632 0.21052632 0.21052632 0.21052632 0.26315789 0.26315789
 0.26315789 0.26315789 0.26315789 0.26315789 0.26315789 0.26315789
 0.26315789 0.26315789 0.26315789 0.26315789 0.26315789 0.26315789
 0.26315789 0.26315789 0.26315789 0.26315789 0.26315789 0.26315789
 0.26315789 0.26315789 0.26315789 0.26315789 0.26315789 0.26315789
 0.26315789 0.26315789 0.26315789 0.26315789 0.26315789 0.26315789
 0.26315789 0.26315789 0.26315789 0.26315789 0.26315789 0.26315789
 0.26315789 0.26315789 0.26315789 0.26315789 0.31578947 0.31578947
 0.31578947 0.31578947 0.31578947 0.31578947 0.31578947 0.31578947
 0.31578947 0.31578947 0.31578947 0.31578947 0.31578947 0.31578947
 0.31578947 0.31578947 0.31578947 0.31578947 0.31578947 0.31578947
 0.31578947 0.31578947 0.31578947 0.31578947 0.31578947 0.31578947
 0.31578947 0.31578947 0.31578947 0.31578947 0.31578947 0.31578947
 0.31578947 0.31578947 0.36842105 0.36842105 0.36842105 0.36842105
 0.36842105 0.36842105 0.36842105 0.36842105 0.36842105 0.36842105
 0.36842105 0.36842105 0.36842105 0.36842105 0.36842105 0.36842105
 0.36842105 0.36842105 0.36842105 0.36842105 0.36842105 0.36842105
 0.36842105 0.36842105 0.36842105 0.36842105 0.36842105 0.36842105
 0.36842105 0.36842105 0.36842105 0.36842105 0.36842105 0.36842105
 0.36842105 0.36842105 0.42105263 0.42105263 0.42105263 0.42105263
 0.42105263 0.42105263 0.42105263 0.42105263 0.42105263 0.42105263
 0.42105263 0.42105263 0.42105263 0.42105263 0.42105263 0.42105263
 0.42105263 0.47368421 0.47368421 0.47368421 0.47368421 0.47368421
 0.47368421 0.47368421 0.47368421 0.47368421 0.47368421 0.47368421
 0.47368421 0.47368421 0.47368421 0.47368421 0.47368421 0.47368421
 0.47368421 0.47368421 0.47368421 0.47368421 0.47368421 0.47368421
 0.47368421 0.47368421 0.47368421 0.47368421 0.47368421 0.47368421
 0.47368421 0.47368421 0.47368421 0.52631579 0.52631579 0.52631579
 0.52631579 0.52631579 0.52631579 0.52631579 0.52631579 0.52631579
 0.52631579 0.52631579 0.52631579 0.52631579 0.52631579 0.52631579
 0.52631579 0.52631579 0.52631579 0.52631579 0.52631579 0.52631579
 0.52631579 0.52631579 0.52631579 0.52631579 0.52631579 0.52631579
 0.52631579 0.52631579 0.52631579 0.52631579 0.52631579 0.52631579
 0.52631579 0.52631579 0.52631579 0.52631579 0.52631579 0.52631579
 0.52631579 0.52631579 0.52631579 0.52631579 0.52631579 0.52631579
 0.52631579 0.52631579 0.52631579 0.52631579 0.52631579 0.52631579
 0.52631579 0.52631579 0.52631579 0.52631579 0.52631579 0.52631579
 0.52631579 0.52631579 0.52631579 0.52631579 0.52631579 0.52631579
 0.52631579 0.52631579 0.52631579 0.52631579 0.52631579 0.52631579
 0.52631579 0.52631579 0.52631579 0.52631579 0.52631579 0.52631579
 0.57894737 0.57894737 0.57894737 0.57894737 0.57894737 0.57894737
 0.57894737 0.57894737 0.57894737 0.57894737 0.57894737 0.57894737
 0.57894737 0.57894737 0.57894737 0.57894737 0.57894737 0.57894737
 0.57894737 0.57894737 0.57894737 0.57894737 0.57894737 0.63157895
 0.63157895 0.63157895 0.63157895 0.63157895 0.63157895 0.63157895
 0.63157895 0.68421053 0.68421053 0.68421053 0.68421053 0.68421053
 0.68421053 0.68421053 0.68421053 0.68421053 0.68421053 0.68421053
 0.68421053 0.68421053 0.68421053 0.68421053 0.68421053 0.68421053
 0.68421053 0.68421053 0.68421053 0.68421053 0.68421053 0.68421053
 0.68421053 0.68421053 0.68421053 0.68421053 0.68421053 0.68421053
 0.68421053 0.68421053 0.68421053 0.73684211 0.73684211 0.73684211
 0.73684211 0.73684211 0.73684211 0.73684211 0.73684211 0.73684211
 0.73684211 0.73684211 0.78947368 0.84210526 0.84210526 0.84210526
 0.84210526 0.84210526 0.84210526 0.84210526 0.84210526 0.84210526
 0.84210526 0.84210526 0.84210526 0.84210526 0.84210526 0.84210526
 0.84210526 0.84210526 0.84210526 0.84210526 0.84210526 0.84210526
 0.84210526 0.84210526 0.84210526 0.84210526 0.84210526 0.84210526
 0.84210526 0.84210526 0.84210526 0.84210526 0.84210526 0.84210526
 0.84210526 0.84210526 0.84210526 0.84210526 0.84210526 0.84210526
 0.84210526 0.84210526 0.84210526 0.84210526 0.84210526 0.84210526
 0.84210526 0.84210526 0.84210526 0.84210526 0.84210526 0.84210526
 0.89473684 0.89473684 0.89473684 0.89473684 0.89473684 0.89473684
 0.89473684 0.89473684 0.89473684 0.89473684 0.89473684 0.89473684
 0.89473684 0.89473684 0.89473684 0.89473684 0.89473684 0.89473684
 0.89473684 0.89473684 0.89473684 0.89473684 0.89473684 0.89473684
 0.89473684 0.89473684 0.89473684 0.89473684 0.89473684 0.89473684
 0.89473684 0.89473684 0.89473684 0.89473684 0.89473684 0.89473684
 0.89473684 0.89473684 0.89473684 0.89473684 0.89473684 0.89473684
 0.89473684 0.89473684 0.89473684 0.89473684 0.89473684 0.89473684
 0.89473684 0.89473684 0.89473684 0.89473684 0.89473684 0.89473684
 0.89473684 0.89473684 0.89473684 0.89473684 0.89473684 0.89473684
 0.89473684 0.89473684 0.89473684 0.89473684 0.89473684 0.89473684
 0.94736842 0.94736842 0.94736842 0.94736842 0.94736842 0.94736842
 0.94736842 0.94736842 0.94736842 0.94736842 0.94736842 0.94736842
 0.94736842 0.94736842 0.94736842]
TPRs: [0.   0.   0.   0.   0.   0.   0.   0.   0.   0.   0.   0.   0.   0.
 0.   0.   0.   0.   0.   0.   0.   0.   0.   0.   0.   0.   0.05 0.05
 0.05 0.05 0.05 0.05 0.05 0.05 0.05 0.05 0.05 0.1  0.1  0.1  0.1  0.1
 0.1  0.1  0.1  0.1  0.1  0.1  0.1  0.1  0.1  0.1  0.1  0.1  0.15 0.15
 0.15 0.15 0.15 0.15 0.15 0.25 0.25 0.25 0.25 0.25 0.25 0.25 0.25 0.25
 0.25 0.25 0.25 0.25 0.25 0.25 0.25 0.25 0.25 0.25 0.25 0.25 0.3  0.35
 0.4  0.4  0.4  0.4  0.4  0.4  0.4  0.4  0.4  0.4  0.4  0.4  0.4  0.4
 0.45 0.45 0.45 0.45 0.45 0.45 0.45 0.45 0.45 0.45 0.45 0.45 0.45 0.45
 0.45 0.45 0.45 0.45 0.45 0.45 0.45 0.45 0.45 0.45 0.45 0.45 0.45 0.45
 0.45 0.45 0.45 0.45 0.45 0.45 0.45 0.45 0.45 0.45 0.45 0.45 0.45 0.45
 0.45 0.45 0.45 0.45 0.45 0.5  0.5  0.5  0.5  0.5  0.5  0.5  0.5  0.5
 0.5  0.5  0.5  0.5  0.5  0.5  0.5  0.5  0.5  0.5  0.5  0.5  0.5  0.5
 0.5  0.5  0.5  0.5  0.5  0.5  0.5  0.5  0.5  0.5  0.5  0.5  0.5  0.5
 0.5  0.5  0.5  0.5  0.5  0.5  0.5  0.5  0.5  0.5  0.5  0.5  0.5  0.5
 0.5  0.5  0.5  0.5  0.5  0.5  0.5  0.5  0.5  0.5  0.5  0.5  0.5  0.5
 0.5  0.5  0.5  0.5  0.55 0.55 0.55 0.55 0.55 0.55 0.55 0.55 0.55 0.55
 0.55 0.55 0.55 0.55 0.55 0.55 0.55 0.55 0.55 0.55 0.55 0.55 0.55 0.55
 0.55 0.55 0.55 0.55 0.55 0.55 0.55 0.55 0.55 0.55 0.55 0.55 0.55 0.55
 0.55 0.55 0.55 0.55 0.55 0.55 0.55 0.55 0.55 0.55 0.6  0.6  0.6  0.6
 0.6  0.6  0.6  0.6  0.6  0.6  0.6  0.6  0.6  0.6  0.6  0.6  0.6  0.6
 0.6  0.6  0.6  0.6  0.6  0.6  0.6  0.6  0.6  0.6  0.6  0.6  0.6  0.6
 0.6  0.6  0.6  0.6  0.6  0.6  0.6  0.6  0.6  0.6  0.6  0.6  0.6  0.6
 0.6  0.6  0.6  0.6  0.6  0.6  0.6  0.6  0.6  0.6  0.6  0.65 0.7  0.7
 0.7  0.7  0.7  0.7  0.7  0.7  0.7  0.7  0.7  0.7  0.7  0.7  0.7  0.7
 0.7  0.7  0.7  0.7  0.7  0.7  0.75 0.75 0.75 0.75 0.75 0.75 0.8  0.8
 0.8  0.8  0.8  0.8  0.8  0.8  0.8  0.8  0.8  0.8  0.8  0.8  0.8  0.8
 0.8  0.8  0.85 0.85 0.9  0.9  0.9  0.9  0.9  0.9  0.9  0.9  0.9  0.9
 0.9  0.9  0.9  0.9  0.9  0.9  0.9  0.9  0.9  0.9  0.9  0.9  0.9  0.9
 0.9  0.9  0.9  0.9  0.9  0.9  0.9  0.9  0.9  0.9  0.9  0.9  0.9  0.9
 0.9  0.9  0.9  0.9  0.95 0.95 0.95 0.95 0.95 0.95 0.95 0.95 0.95 0.95
 0.95 0.95 0.95 0.95 0.95 0.95 0.95 1.   1.   1.   1.   1.   1.   1.
 1.   1.   1.   1.   1.   1.   1.   1.   1.   1.   1.   1.   1.   1.
 1.   1.   1.   1.   1.   1.   1.   1.   1.   1.   1.   1.   1.   1.
 1.   1.   1.   1.   1.   1.   1.   1.   1.   1.   1.   1.   1.   1.
 1.   1.   1.   1.   1.   1.   1.   1.   1.   1.   1.   1.   1.   1.
 1.   1.   1.   1.   1.   1.   1.   1.   1.   1.   1.  ]
In Vals: [0.59680041 0.11480231 0.06880436 0.15379208 0.68457626 0.11415388
 0.48941725 0.7980692  0.65010204 0.1549508  0.63897025 0.27047821
 0.59835268 0.1574616  0.76583259 0.68691854 0.0488573  0.39953645
 0.18351803 0.10194445]
Out Vals: [0.00151804 0.01301339 0.06465204 0.06499632 0.10847915 0.18815809
 0.25072615 0.31815649 0.34879612 0.40962747 0.5490421  0.59314202
 0.60765315 0.66628355 0.68816872 0.69016194 0.7840502  0.90741993
 0.93489901]

K=1
FPRs: [0.         0.05263158 0.05263158 0.05263158 0.05263158 0.05263158
 0.05263158 0.05263158 0.10526316 0.10526316 0.10526316 0.10526316
 0.10526316 0.10526316 0.10526316 0.10526316 0.10526316 0.10526316
 0.10526316 0.10526316 0.10526316 0.10526316 0.10526316 0.10526316
 0.10526316 0.10526316 0.10526316 0.10526316 0.10526316 0.10526316
 0.10526316 0.10526316 0.10526316 0.10526316 0.10526316 0.10526316
 0.15789474 0.15789474 0.15789474 0.15789474 0.15789474 0.15789474
 0.15789474 0.15789474 0.15789474 0.15789474 0.15789474 0.15789474
 0.15789474 0.15789474 0.15789474 0.15789474 0.15789474 0.15789474
 0.15789474 0.15789474 0.15789474 0.15789474 0.15789474 0.15789474
 0.15789474 0.15789474 0.15789474 0.15789474 0.15789474 0.15789474
 0.15789474 0.15789474 0.15789474 0.15789474 0.15789474 0.15789474
 0.15789474 0.21052632 0.21052632 0.21052632 0.21052632 0.21052632
 0.21052632 0.26315789 0.26315789 0.26315789 0.26315789 0.31578947
 0.31578947 0.31578947 0.31578947 0.31578947 0.31578947 0.31578947
 0.31578947 0.31578947 0.31578947 0.31578947 0.31578947 0.31578947
 0.31578947 0.31578947 0.31578947 0.31578947 0.31578947 0.31578947
 0.31578947 0.31578947 0.31578947 0.31578947 0.31578947 0.31578947
 0.31578947 0.31578947 0.31578947 0.31578947 0.31578947 0.31578947
 0.31578947 0.31578947 0.31578947 0.31578947 0.31578947 0.31578947
 0.31578947 0.31578947 0.31578947 0.31578947 0.31578947 0.31578947
 0.31578947 0.31578947 0.31578947 0.31578947 0.31578947 0.31578947
 0.31578947 0.31578947 0.31578947 0.31578947 0.31578947 0.31578947
 0.31578947 0.31578947 0.31578947 0.31578947 0.31578947 0.31578947
 0.31578947 0.31578947 0.31578947 0.31578947 0.31578947 0.31578947
 0.31578947 0.36842105 0.36842105 0.36842105 0.36842105 0.36842105
 0.36842105 0.36842105 0.36842105 0.36842105 0.42105263 0.42105263
 0.42105263 0.42105263 0.42105263 0.42105263 0.42105263 0.42105263
 0.42105263 0.42105263 0.42105263 0.42105263 0.42105263 0.42105263
 0.42105263 0.42105263 0.42105263 0.42105263 0.42105263 0.42105263
 0.42105263 0.42105263 0.42105263 0.42105263 0.42105263 0.42105263
 0.42105263 0.42105263 0.42105263 0.42105263 0.42105263 0.42105263
 0.42105263 0.42105263 0.42105263 0.42105263 0.42105263 0.42105263
 0.42105263 0.42105263 0.42105263 0.42105263 0.42105263 0.42105263
 0.42105263 0.42105263 0.47368421 0.47368421 0.47368421 0.47368421
 0.47368421 0.47368421 0.47368421 0.47368421 0.47368421 0.47368421
 0.47368421 0.47368421 0.47368421 0.47368421 0.47368421 0.47368421
 0.47368421 0.47368421 0.47368421 0.47368421 0.47368421 0.47368421
 0.47368421 0.47368421 0.47368421 0.47368421 0.47368421 0.47368421
 0.47368421 0.47368421 0.47368421 0.47368421 0.47368421 0.47368421
 0.47368421 0.52631579 0.52631579 0.52631579 0.52631579 0.57894737
 0.57894737 0.63157895 0.63157895 0.63157895 0.63157895 0.63157895
 0.63157895 0.63157895 0.63157895 0.63157895 0.63157895 0.63157895
 0.63157895 0.63157895 0.63157895 0.63157895 0.63157895 0.63157895
 0.63157895 0.63157895 0.63157895 0.63157895 0.63157895 0.63157895
 0.63157895 0.63157895 0.63157895 0.63157895 0.63157895 0.63157895
 0.63157895 0.63157895 0.63157895 0.63157895 0.63157895 0.63157895
 0.63157895 0.63157895 0.63157895 0.63157895 0.63157895 0.63157895
 0.63157895 0.63157895 0.63157895 0.63157895 0.63157895 0.63157895
 0.63157895 0.63157895 0.63157895 0.63157895 0.63157895 0.63157895
 0.63157895 0.63157895 0.63157895 0.63157895 0.63157895 0.63157895
 0.63157895 0.63157895 0.63157895 0.63157895 0.63157895 0.63157895
 0.63157895 0.63157895 0.63157895 0.63157895 0.63157895 0.63157895
 0.63157895 0.63157895 0.63157895 0.63157895 0.63157895 0.63157895
 0.63157895 0.63157895 0.63157895 0.63157895 0.63157895 0.63157895
 0.63157895 0.63157895 0.63157895 0.63157895 0.63157895 0.63157895
 0.63157895 0.63157895 0.63157895 0.63157895 0.63157895 0.68421053
 0.68421053 0.68421053 0.68421053 0.68421053 0.68421053 0.68421053
 0.68421053 0.68421053 0.68421053 0.68421053 0.68421053 0.68421053
 0.68421053 0.68421053 0.68421053 0.68421053 0.68421053 0.68421053
 0.68421053 0.68421053 0.68421053 0.68421053 0.68421053 0.68421053
 0.68421053 0.68421053 0.68421053 0.68421053 0.68421053 0.68421053
 0.68421053 0.68421053 0.73684211 0.73684211 0.73684211 0.73684211
 0.73684211 0.73684211 0.73684211 0.73684211 0.73684211 0.73684211
 0.73684211 0.73684211 0.73684211 0.73684211 0.73684211 0.73684211
 0.73684211 0.73684211 0.73684211 0.73684211 0.73684211 0.73684211
 0.73684211 0.73684211 0.73684211 0.73684211 0.73684211 0.73684211
 0.73684211 0.73684211 0.73684211 0.78947368 0.78947368 0.78947368
 0.78947368 0.78947368 0.84210526 0.84210526 0.84210526 0.84210526
 0.84210526 0.84210526 0.84210526 0.84210526 0.84210526 0.84210526
 0.84210526 0.84210526 0.84210526 0.84210526 0.84210526 0.84210526
 0.84210526 0.84210526 0.84210526 0.84210526 0.84210526 0.84210526
 0.84210526 0.84210526 0.84210526 0.84210526 0.84210526 0.84210526
 0.84210526 0.84210526 0.84210526 0.84210526 0.84210526 0.84210526
 0.89473684 0.89473684 0.89473684 0.89473684 0.89473684 0.89473684
 0.89473684 0.89473684 0.89473684 0.89473684 0.89473684 0.89473684
 0.89473684 0.89473684 0.89473684 0.89473684 0.89473684 0.89473684
 0.89473684 0.89473684 0.89473684 0.89473684 0.89473684 0.89473684
 0.89473684 0.89473684 0.89473684 0.89473684 0.89473684 0.89473684
 0.94736842 0.94736842 0.94736842 0.94736842 0.94736842 0.94736842
 0.94736842 0.94736842 0.94736842 0.94736842 0.94736842 0.94736842
 0.94736842 0.94736842 0.94736842 0.94736842 0.94736842 0.94736842
 0.94736842 0.94736842 0.94736842 0.94736842 0.94736842 0.94736842
 0.94736842 0.94736842 0.94736842]
TPRs: [0.05 0.05 0.05 0.05 0.05 0.05 0.05 0.05 0.05 0.05 0.05 0.05 0.05 0.05
 0.05 0.05 0.05 0.05 0.05 0.05 0.05 0.05 0.05 0.05 0.05 0.05 0.05 0.05
 0.05 0.05 0.05 0.05 0.05 0.05 0.05 0.05 0.05 0.05 0.05 0.05 0.05 0.05
 0.05 0.05 0.05 0.05 0.05 0.05 0.05 0.05 0.05 0.05 0.05 0.05 0.05 0.05
 0.1  0.1  0.1  0.1  0.1  0.1  0.1  0.1  0.1  0.1  0.1  0.1  0.1  0.1
 0.1  0.1  0.1  0.1  0.1  0.1  0.1  0.1  0.1  0.1  0.1  0.1  0.1  0.1
 0.1  0.1  0.1  0.1  0.1  0.1  0.1  0.1  0.1  0.1  0.1  0.1  0.1  0.1
 0.1  0.1  0.1  0.1  0.1  0.1  0.1  0.1  0.1  0.1  0.15 0.15 0.15 0.15
 0.15 0.15 0.15 0.15 0.15 0.15 0.2  0.2  0.2  0.2  0.2  0.2  0.2  0.2
 0.2  0.2  0.2  0.2  0.2  0.2  0.2  0.2  0.2  0.2  0.2  0.2  0.25 0.25
 0.25 0.25 0.25 0.25 0.25 0.25 0.25 0.25 0.25 0.25 0.25 0.25 0.25 0.25
 0.25 0.25 0.25 0.25 0.25 0.25 0.25 0.25 0.25 0.25 0.25 0.25 0.25 0.25
 0.25 0.25 0.25 0.25 0.25 0.25 0.25 0.25 0.25 0.25 0.25 0.25 0.25 0.25
 0.25 0.25 0.25 0.25 0.25 0.25 0.25 0.25 0.25 0.25 0.25 0.25 0.25 0.25
 0.25 0.25 0.25 0.25 0.25 0.25 0.25 0.25 0.25 0.25 0.25 0.25 0.25 0.25
 0.25 0.25 0.25 0.25 0.25 0.25 0.25 0.25 0.25 0.25 0.25 0.25 0.25 0.25
 0.25 0.25 0.25 0.3  0.3  0.3  0.3  0.3  0.3  0.35 0.35 0.35 0.35 0.35
 0.35 0.35 0.35 0.35 0.35 0.35 0.35 0.35 0.35 0.35 0.35 0.35 0.35 0.35
 0.35 0.35 0.35 0.35 0.35 0.35 0.35 0.35 0.35 0.35 0.35 0.35 0.35 0.35
 0.4  0.4  0.4  0.4  0.4  0.4  0.4  0.4  0.4  0.4  0.4  0.4  0.4  0.4
 0.4  0.4  0.4  0.4  0.4  0.4  0.4  0.4  0.4  0.4  0.4  0.4  0.4  0.4
 0.4  0.4  0.4  0.4  0.4  0.4  0.4  0.4  0.4  0.4  0.4  0.4  0.4  0.4
 0.4  0.4  0.4  0.4  0.4  0.4  0.4  0.4  0.4  0.4  0.4  0.4  0.4  0.4
 0.4  0.4  0.45 0.45 0.45 0.45 0.45 0.45 0.45 0.45 0.45 0.45 0.45 0.45
 0.45 0.45 0.45 0.45 0.45 0.45 0.45 0.45 0.45 0.45 0.45 0.5  0.5  0.5
 0.5  0.5  0.5  0.5  0.5  0.5  0.5  0.5  0.5  0.5  0.5  0.5  0.5  0.5
 0.5  0.5  0.5  0.5  0.5  0.5  0.5  0.5  0.5  0.5  0.5  0.5  0.5  0.55
 0.55 0.55 0.55 0.55 0.55 0.55 0.55 0.55 0.55 0.55 0.55 0.55 0.55 0.55
 0.55 0.55 0.55 0.55 0.55 0.55 0.55 0.55 0.6  0.6  0.6  0.6  0.65 0.65
 0.65 0.65 0.65 0.65 0.65 0.65 0.65 0.65 0.65 0.7  0.7  0.7  0.7  0.7
 0.75 0.75 0.75 0.75 0.75 0.75 0.75 0.75 0.75 0.75 0.75 0.75 0.75 0.75
 0.75 0.75 0.75 0.75 0.75 0.75 0.75 0.75 0.75 0.75 0.75 0.8  0.8  0.8
 0.8  0.8  0.8  0.8  0.8  0.8  0.8  0.8  0.8  0.8  0.85 0.85 0.85 0.85
 0.85 0.85 0.85 0.85 0.85 0.85 0.85 0.85 0.85 0.85 0.85 0.85 0.85 0.85
 0.85 0.85 0.9  0.9  0.95 0.95 0.95 0.95 0.95 0.95 1.   1.   1.   1.
 1.   1.   1.   1.   1.   1.   1.   1.   1.   1.   1.  ]
In Vals: [6.23181583e-01 9.08356312e-01 2.75849098e-01 9.23355577e-01
 5.15147772e-01 1.58908753e-04 7.21472544e-01 8.47743414e-01
 8.71935693e-01 7.91726461e-01 7.64732565e-01 6.66006090e-01
 2.39419034e-01 8.01868352e-01 9.11814287e-01 2.19904557e-01
 4.42810684e-01 1.24637843e-01 7.71689633e-01 4.53211702e-01]
Out Vals: [0.02056876 0.03485518 0.0858948  0.15604801 0.16671842 0.17317467
 0.30145654 0.31773558 0.40327846 0.46826847 0.47617186 0.47842718
 0.65486652 0.71565804 0.77258504 0.78340895 0.84535805 0.90205146
 0.95086631]

K=4
FPRs: [0.         0.05263158 0.05263158 0.05263158 0.05263158 0.05263158
 0.05263158 0.05263158 0.05263158 0.05263158 0.05263158 0.05263158
 0.05263158 0.05263158 0.05263158 0.05263158 0.05263158 0.05263158
 0.05263158 0.05263158 0.05263158 0.05263158 0.05263158 0.05263158
 0.05263158 0.05263158 0.05263158 0.05263158 0.05263158 0.05263158
 0.05263158 0.05263158 0.05263158 0.05263158 0.05263158 0.05263158
 0.05263158 0.05263158 0.05263158 0.05263158 0.05263158 0.05263158
 0.05263158 0.05263158 0.05263158 0.05263158 0.10526316 0.10526316
 0.10526316 0.10526316 0.10526316 0.10526316 0.10526316 0.10526316
 0.10526316 0.10526316 0.10526316 0.10526316 0.10526316 0.10526316
 0.10526316 0.10526316 0.10526316 0.10526316 0.10526316 0.10526316
 0.10526316 0.15789474 0.15789474 0.15789474 0.15789474 0.15789474
 0.15789474 0.15789474 0.15789474 0.15789474 0.15789474 0.15789474
 0.15789474 0.15789474 0.15789474 0.15789474 0.21052632 0.21052632
 0.21052632 0.21052632 0.21052632 0.21052632 0.21052632 0.21052632
 0.21052632 0.21052632 0.21052632 0.21052632 0.21052632 0.21052632
 0.21052632 0.21052632 0.21052632 0.21052632 0.21052632 0.21052632
 0.21052632 0.21052632 0.21052632 0.21052632 0.21052632 0.21052632
 0.21052632 0.21052632 0.21052632 0.31578947 0.31578947 0.31578947
 0.31578947 0.31578947 0.31578947 0.31578947 0.31578947 0.31578947
 0.31578947 0.31578947 0.31578947 0.31578947 0.31578947 0.31578947
 0.31578947 0.31578947 0.31578947 0.31578947 0.31578947 0.31578947
 0.31578947 0.31578947 0.31578947 0.31578947 0.31578947 0.31578947
 0.31578947 0.31578947 0.31578947 0.31578947 0.31578947 0.31578947
 0.36842105 0.36842105 0.36842105 0.36842105 0.36842105 0.36842105
 0.36842105 0.36842105 0.36842105 0.36842105 0.42105263 0.42105263
 0.42105263 0.42105263 0.42105263 0.42105263 0.42105263 0.42105263
 0.42105263 0.47368421 0.47368421 0.47368421 0.47368421 0.47368421
 0.47368421 0.47368421 0.47368421 0.47368421 0.47368421 0.47368421
 0.47368421 0.47368421 0.47368421 0.47368421 0.47368421 0.47368421
 0.47368421 0.47368421 0.47368421 0.47368421 0.47368421 0.47368421
 0.47368421 0.47368421 0.47368421 0.47368421 0.47368421 0.47368421
 0.52631579 0.52631579 0.52631579 0.52631579 0.52631579 0.52631579
 0.52631579 0.52631579 0.52631579 0.52631579 0.52631579 0.52631579
 0.52631579 0.52631579 0.52631579 0.52631579 0.52631579 0.57894737
 0.57894737 0.57894737 0.57894737 0.57894737 0.57894737 0.57894737
 0.57894737 0.57894737 0.57894737 0.57894737 0.57894737 0.57894737
 0.57894737 0.57894737 0.57894737 0.57894737 0.57894737 0.57894737
 0.57894737 0.57894737 0.57894737 0.57894737 0.57894737 0.57894737
 0.57894737 0.57894737 0.57894737 0.57894737 0.57894737 0.57894737
 0.57894737 0.57894737 0.57894737 0.57894737 0.57894737 0.57894737
 0.57894737 0.57894737 0.57894737 0.57894737 0.57894737 0.57894737
 0.57894737 0.57894737 0.57894737 0.57894737 0.57894737 0.57894737
 0.57894737 0.57894737 0.57894737 0.57894737 0.57894737 0.57894737
 0.57894737 0.57894737 0.57894737 0.57894737 0.57894737 0.57894737
 0.57894737 0.57894737 0.57894737 0.57894737 0.57894737 0.57894737
 0.57894737 0.57894737 0.57894737 0.57894737 0.57894737 0.57894737
 0.57894737 0.57894737 0.57894737 0.57894737 0.57894737 0.57894737
 0.57894737 0.57894737 0.57894737 0.57894737 0.57894737 0.57894737
 0.57894737 0.57894737 0.57894737 0.57894737 0.57894737 0.57894737
 0.57894737 0.57894737 0.57894737 0.57894737 0.63157895 0.63157895
 0.63157895 0.63157895 0.63157895 0.63157895 0.63157895 0.63157895
 0.63157895 0.63157895 0.63157895 0.68421053 0.68421053 0.68421053
 0.68421053 0.68421053 0.68421053 0.68421053 0.68421053 0.68421053
 0.68421053 0.68421053 0.68421053 0.68421053 0.68421053 0.68421053
 0.68421053 0.68421053 0.68421053 0.68421053 0.68421053 0.68421053
 0.68421053 0.68421053 0.68421053 0.68421053 0.68421053 0.68421053
 0.73684211 0.73684211 0.73684211 0.73684211 0.73684211 0.73684211
 0.73684211 0.73684211 0.73684211 0.73684211 0.73684211 0.73684211
 0.73684211 0.73684211 0.73684211 0.73684211 0.73684211 0.73684211
 0.73684211 0.73684211 0.73684211 0.73684211 0.73684211 0.73684211
 0.73684211 0.73684211 0.73684211 0.73684211 0.78947368 0.78947368
 0.78947368 0.78947368 0.78947368 0.78947368 0.78947368 0.78947368
 0.78947368 0.78947368 0.78947368 0.78947368 0.78947368 0.78947368
 0.78947368 0.78947368 0.78947368 0.78947368 0.78947368 0.78947368
 0.78947368 0.78947368 0.78947368 0.78947368 0.78947368 0.78947368
 0.78947368 0.78947368 0.78947368 0.78947368 0.84210526 0.84210526
 0.84210526 0.84210526 0.84210526 0.84210526 0.84210526 0.84210526
 0.84210526 0.84210526 0.84210526 0.84210526 0.84210526 0.84210526
 0.84210526 0.84210526 0.84210526 0.84210526 0.84210526 0.84210526
 0.84210526 0.84210526 0.84210526 0.84210526 0.84210526 0.84210526
 0.84210526 0.84210526 0.84210526 0.84210526 0.84210526 0.84210526
 0.84210526 0.84210526 0.84210526 0.84210526 0.84210526 0.84210526
 0.84210526 0.84210526 0.84210526 0.84210526 0.84210526 0.84210526
 0.84210526 0.84210526 0.84210526 0.84210526 0.84210526 0.84210526
 0.84210526 0.84210526 0.84210526 0.84210526 0.84210526 0.84210526
 0.84210526 0.84210526 0.84210526 0.84210526 0.84210526 0.84210526
 0.84210526 0.84210526 0.84210526 0.89473684 0.89473684 0.89473684
 0.89473684 0.89473684 0.89473684 0.89473684 0.89473684 0.89473684
 0.89473684 0.89473684 0.89473684 0.89473684 0.89473684 0.89473684
 0.89473684 0.89473684 0.89473684 0.89473684 0.89473684 0.89473684
 0.89473684 0.89473684 0.89473684 0.89473684 0.89473684 0.89473684
 0.94736842 0.94736842 0.94736842 0.94736842 0.94736842 0.94736842
 0.94736842 0.94736842 0.94736842]
TPRs: [0.   0.   0.   0.   0.   0.   0.   0.   0.   0.   0.   0.   0.   0.
 0.   0.   0.   0.   0.   0.   0.05 0.05 0.05 0.05 0.05 0.05 0.05 0.05
 0.05 0.05 0.05 0.05 0.1  0.1  0.1  0.1  0.1  0.1  0.1  0.1  0.1  0.1
 0.1  0.1  0.1  0.1  0.1  0.1  0.1  0.1  0.1  0.1  0.1  0.1  0.1  0.1
 0.1  0.1  0.1  0.1  0.1  0.1  0.1  0.1  0.1  0.1  0.1  0.1  0.1  0.15
 0.15 0.15 0.15 0.15 0.15 0.15 0.15 0.15 0.15 0.15 0.15 0.15 0.15 0.15
 0.15 0.15 0.15 0.15 0.15 0.15 0.15 0.15 0.15 0.15 0.15 0.15 0.15 0.15
 0.15 0.15 0.15 0.15 0.15 0.15 0.15 0.15 0.15 0.15 0.2  0.2  0.2  0.2
 0.2  0.2  0.2  0.2  0.2  0.2  0.2  0.2  0.2  0.25 0.25 0.25 0.25 0.25
 0.25 0.25 0.25 0.25 0.3  0.3  0.3  0.3  0.3  0.3  0.3  0.3  0.3  0.3
 0.3  0.3  0.3  0.3  0.3  0.3  0.3  0.3  0.3  0.3  0.3  0.3  0.3  0.3
 0.3  0.3  0.3  0.3  0.3  0.3  0.3  0.3  0.3  0.3  0.3  0.3  0.3  0.3
 0.3  0.3  0.3  0.3  0.3  0.3  0.35 0.35 0.35 0.35 0.35 0.35 0.35 0.35
 0.35 0.35 0.35 0.35 0.4  0.4  0.4  0.4  0.4  0.4  0.4  0.4  0.4  0.4
 0.45 0.45 0.45 0.45 0.45 0.45 0.45 0.45 0.45 0.45 0.45 0.45 0.45 0.45
 0.45 0.45 0.45 0.45 0.5  0.5  0.5  0.5  0.5  0.5  0.5  0.5  0.5  0.5
 0.5  0.5  0.5  0.5  0.5  0.5  0.5  0.5  0.5  0.5  0.5  0.5  0.5  0.5
 0.5  0.5  0.5  0.5  0.5  0.5  0.5  0.5  0.5  0.5  0.5  0.5  0.5  0.5
 0.5  0.5  0.5  0.5  0.5  0.5  0.5  0.5  0.5  0.5  0.5  0.5  0.5  0.5
 0.5  0.5  0.5  0.5  0.5  0.5  0.5  0.5  0.5  0.5  0.5  0.5  0.5  0.5
 0.5  0.5  0.5  0.5  0.5  0.5  0.5  0.5  0.5  0.5  0.5  0.5  0.5  0.5
 0.5  0.5  0.5  0.5  0.5  0.5  0.5  0.55 0.55 0.55 0.55 0.55 0.6  0.6
 0.6  0.6  0.6  0.6  0.6  0.6  0.6  0.6  0.6  0.6  0.6  0.6  0.6  0.6
 0.6  0.6  0.6  0.6  0.6  0.6  0.6  0.6  0.6  0.6  0.6  0.6  0.6  0.6
 0.6  0.6  0.6  0.6  0.6  0.6  0.6  0.6  0.6  0.6  0.6  0.6  0.6  0.6
 0.6  0.6  0.6  0.6  0.6  0.6  0.65 0.65 0.65 0.65 0.65 0.65 0.65 0.65
 0.65 0.7  0.7  0.75 0.75 0.75 0.75 0.75 0.75 0.75 0.75 0.75 0.75 0.75
 0.75 0.75 0.75 0.75 0.75 0.75 0.75 0.75 0.75 0.75 0.75 0.75 0.75 0.75
 0.75 0.75 0.75 0.75 0.75 0.75 0.75 0.75 0.8  0.8  0.8  0.8  0.8  0.8
 0.8  0.8  0.8  0.8  0.8  0.8  0.8  0.8  0.8  0.8  0.8  0.8  0.8  0.8
 0.8  0.8  0.8  0.8  0.85 0.85 0.85 0.85 0.85 0.85 0.85 0.85 0.85 0.85
 0.85 0.85 0.85 0.85 0.85 0.85 0.85 0.85 0.85 0.85 0.85 0.85 0.85 0.85
 0.85 0.85 0.9  0.9  0.9  0.9  0.9  0.9  0.9  0.9  0.9  0.9  0.9  0.9
 0.9  0.9  0.9  0.9  0.9  0.9  0.9  0.95 0.95 0.95 0.95 0.95 0.95 0.95
 0.95 0.95 0.95 0.95 0.95 0.95 0.95 0.95 1.   1.   1.   1.   1.   1.
 1.   1.   1.   1.   1.   1.   1.   1.   1.   1.   1.  ]
In Vals: [0.33380238 0.69902022 0.58608744 0.89757346 0.06259859 0.04085045
 0.13355667 0.41028011 0.81201798 0.57628547 0.68279576 0.76630174
 0.70199153 0.92715693 0.37632974 0.23221446 0.20732731 0.86093456
 0.24974696 0.35804739]
Out Vals: [0.00288109 0.09005939 0.12936054 0.15868968 0.2141332  0.21488169
 0.27745103 0.29654777 0.31327379 0.36933767 0.40020035 0.58344712
 0.60408236 0.6543887  0.70858142 0.76597228 0.89081651 0.94178235
 0.95794229]

K=16
FPRs: [0.         0.05263158 0.05263158 0.05263158 0.05263158 0.05263158
 0.05263158 0.05263158 0.05263158 0.05263158 0.05263158 0.05263158
 0.05263158 0.05263158 0.05263158 0.05263158 0.05263158 0.05263158
 0.05263158 0.05263158 0.05263158 0.05263158 0.05263158 0.05263158
 0.05263158 0.05263158 0.05263158 0.05263158 0.05263158 0.05263158
 0.05263158 0.05263158 0.05263158 0.05263158 0.05263158 0.05263158
 0.05263158 0.05263158 0.05263158 0.05263158 0.05263158 0.05263158
 0.05263158 0.05263158 0.05263158 0.05263158 0.05263158 0.05263158
 0.05263158 0.05263158 0.05263158 0.05263158 0.05263158 0.05263158
 0.05263158 0.05263158 0.05263158 0.05263158 0.05263158 0.10526316
 0.10526316 0.10526316 0.10526316 0.10526316 0.10526316 0.10526316
 0.10526316 0.10526316 0.10526316 0.10526316 0.10526316 0.10526316
 0.10526316 0.10526316 0.10526316 0.10526316 0.10526316 0.10526316
 0.10526316 0.10526316 0.10526316 0.10526316 0.10526316 0.10526316
 0.10526316 0.10526316 0.10526316 0.10526316 0.10526316 0.10526316
 0.10526316 0.10526316 0.10526316 0.10526316 0.10526316 0.10526316
 0.10526316 0.10526316 0.10526316 0.10526316 0.10526316 0.10526316
 0.10526316 0.10526316 0.10526316 0.10526316 0.10526316 0.10526316
 0.10526316 0.10526316 0.10526316 0.15789474 0.15789474 0.15789474
 0.15789474 0.15789474 0.15789474 0.15789474 0.15789474 0.15789474
 0.15789474 0.15789474 0.15789474 0.15789474 0.15789474 0.15789474
 0.15789474 0.15789474 0.15789474 0.15789474 0.15789474 0.15789474
 0.15789474 0.15789474 0.15789474 0.15789474 0.15789474 0.15789474
 0.15789474 0.15789474 0.15789474 0.15789474 0.15789474 0.15789474
 0.15789474 0.15789474 0.15789474 0.15789474 0.15789474 0.15789474
 0.15789474 0.15789474 0.15789474 0.15789474 0.15789474 0.15789474
 0.15789474 0.15789474 0.15789474 0.15789474 0.15789474 0.15789474
 0.15789474 0.15789474 0.15789474 0.15789474 0.15789474 0.15789474
 0.15789474 0.15789474 0.15789474 0.15789474 0.15789474 0.15789474
 0.15789474 0.15789474 0.15789474 0.15789474 0.15789474 0.15789474
 0.15789474 0.15789474 0.15789474 0.15789474 0.15789474 0.15789474
 0.15789474 0.15789474 0.15789474 0.15789474 0.15789474 0.15789474
 0.21052632 0.21052632 0.21052632 0.21052632 0.21052632 0.21052632
 0.21052632 0.21052632 0.21052632 0.21052632 0.21052632 0.21052632
 0.21052632 0.21052632 0.21052632 0.21052632 0.21052632 0.21052632
 0.26315789 0.26315789 0.26315789 0.26315789 0.26315789 0.26315789
 0.26315789 0.26315789 0.26315789 0.26315789 0.26315789 0.26315789
 0.26315789 0.26315789 0.26315789 0.26315789 0.26315789 0.26315789
 0.26315789 0.26315789 0.26315789 0.26315789 0.26315789 0.26315789
 0.26315789 0.26315789 0.26315789 0.26315789 0.26315789 0.26315789
 0.26315789 0.26315789 0.26315789 0.26315789 0.26315789 0.26315789
 0.26315789 0.31578947 0.31578947 0.31578947 0.31578947 0.31578947
 0.36842105 0.36842105 0.36842105 0.36842105 0.36842105 0.36842105
 0.36842105 0.36842105 0.42105263 0.47368421 0.47368421 0.47368421
 0.47368421 0.47368421 0.47368421 0.47368421 0.47368421 0.47368421
 0.47368421 0.47368421 0.47368421 0.47368421 0.47368421 0.47368421
 0.47368421 0.47368421 0.47368421 0.47368421 0.47368421 0.47368421
 0.47368421 0.47368421 0.47368421 0.47368421 0.47368421 0.47368421
 0.47368421 0.47368421 0.47368421 0.47368421 0.47368421 0.47368421
 0.47368421 0.47368421 0.52631579 0.52631579 0.52631579 0.52631579
 0.52631579 0.52631579 0.52631579 0.52631579 0.52631579 0.52631579
 0.52631579 0.52631579 0.52631579 0.52631579 0.52631579 0.52631579
 0.52631579 0.52631579 0.52631579 0.52631579 0.52631579 0.52631579
 0.52631579 0.52631579 0.52631579 0.52631579 0.52631579 0.52631579
 0.57894737 0.57894737 0.57894737 0.57894737 0.57894737 0.57894737
 0.57894737 0.57894737 0.57894737 0.63157895 0.63157895 0.63157895
 0.63157895 0.63157895 0.63157895 0.63157895 0.63157895 0.63157895
 0.63157895 0.63157895 0.63157895 0.63157895 0.63157895 0.63157895
 0.63157895 0.63157895 0.63157895 0.63157895 0.63157895 0.63157895
 0.63157895 0.63157895 0.63157895 0.63157895 0.63157895 0.63157895
 0.63157895 0.63157895 0.63157895 0.63157895 0.63157895 0.63157895
 0.63157895 0.63157895 0.63157895 0.63157895 0.63157895 0.63157895
 0.63157895 0.63157895 0.63157895 0.63157895 0.63157895 0.63157895
 0.63157895 0.63157895 0.63157895 0.63157895 0.63157895 0.68421053
 0.73684211 0.73684211 0.73684211 0.73684211 0.73684211 0.73684211
 0.73684211 0.73684211 0.73684211 0.73684211 0.73684211 0.73684211
 0.73684211 0.73684211 0.73684211 0.73684211 0.73684211 0.73684211
 0.73684211 0.73684211 0.73684211 0.73684211 0.73684211 0.73684211
 0.73684211 0.73684211 0.73684211 0.73684211 0.73684211 0.73684211
 0.73684211 0.73684211 0.73684211 0.73684211 0.73684211 0.73684211
 0.73684211 0.73684211 0.73684211 0.73684211 0.73684211 0.73684211
 0.73684211 0.73684211 0.73684211 0.73684211 0.73684211 0.73684211
 0.73684211 0.73684211 0.73684211 0.73684211 0.73684211 0.73684211
 0.73684211 0.73684211 0.73684211 0.73684211 0.73684211 0.73684211
 0.73684211 0.73684211 0.73684211 0.73684211 0.73684211 0.73684211
 0.73684211 0.73684211 0.73684211 0.73684211 0.73684211 0.73684211
 0.73684211 0.73684211 0.73684211 0.73684211 0.73684211 0.73684211
 0.73684211 0.73684211 0.73684211 0.73684211 0.73684211 0.73684211
 0.73684211 0.73684211 0.73684211 0.73684211 0.73684211 0.73684211
 0.73684211 0.73684211 0.73684211 0.73684211 0.73684211 0.78947368
 0.84210526 0.84210526 0.84210526 0.84210526 0.84210526 0.84210526
 0.84210526 0.84210526 0.84210526 0.84210526 0.84210526 0.84210526
 0.84210526 0.84210526 0.89473684 0.94736842 0.94736842 0.94736842
 0.94736842 0.94736842 0.94736842]
TPRs: [0.2  0.2  0.2  0.2  0.2  0.2  0.2  0.2  0.2  0.2  0.2  0.2  0.2  0.2
 0.2  0.2  0.2  0.2  0.25 0.25 0.25 0.25 0.25 0.25 0.25 0.25 0.25 0.25
 0.25 0.25 0.25 0.25 0.25 0.25 0.25 0.25 0.25 0.25 0.25 0.25 0.25 0.25
 0.25 0.25 0.25 0.25 0.25 0.25 0.25 0.25 0.25 0.25 0.25 0.25 0.25 0.25
 0.25 0.25 0.25 0.25 0.25 0.25 0.25 0.25 0.25 0.25 0.25 0.25 0.25 0.25
 0.25 0.25 0.25 0.25 0.25 0.25 0.25 0.25 0.25 0.25 0.25 0.25 0.25 0.25
 0.25 0.25 0.25 0.25 0.25 0.25 0.25 0.25 0.25 0.3  0.3  0.3  0.3  0.3
 0.3  0.3  0.3  0.3  0.3  0.3  0.3  0.3  0.3  0.3  0.3  0.3  0.3  0.3
 0.3  0.3  0.3  0.3  0.3  0.3  0.3  0.3  0.3  0.3  0.3  0.3  0.3  0.3
 0.3  0.3  0.3  0.3  0.3  0.3  0.3  0.3  0.3  0.3  0.3  0.3  0.3  0.3
 0.3  0.3  0.3  0.3  0.3  0.3  0.3  0.3  0.3  0.3  0.3  0.3  0.3  0.3
 0.3  0.3  0.3  0.3  0.3  0.3  0.3  0.3  0.3  0.3  0.3  0.3  0.3  0.3
 0.3  0.35 0.35 0.35 0.35 0.35 0.35 0.35 0.35 0.35 0.35 0.35 0.35 0.35
 0.35 0.35 0.35 0.35 0.35 0.35 0.35 0.35 0.35 0.35 0.35 0.35 0.35 0.35
 0.35 0.35 0.35 0.35 0.35 0.35 0.35 0.35 0.35 0.35 0.35 0.35 0.35 0.35
 0.35 0.35 0.35 0.35 0.35 0.35 0.35 0.35 0.35 0.35 0.35 0.35 0.35 0.35
 0.35 0.35 0.35 0.35 0.35 0.35 0.35 0.35 0.35 0.35 0.35 0.35 0.35 0.35
 0.35 0.35 0.35 0.35 0.35 0.35 0.35 0.35 0.35 0.4  0.4  0.4  0.4  0.4
 0.4  0.4  0.4  0.4  0.4  0.4  0.4  0.4  0.4  0.4  0.4  0.4  0.4  0.4
 0.4  0.4  0.4  0.4  0.4  0.4  0.4  0.4  0.4  0.4  0.4  0.4  0.4  0.4
 0.4  0.4  0.4  0.4  0.4  0.4  0.4  0.4  0.4  0.4  0.4  0.4  0.4  0.4
 0.4  0.4  0.4  0.4  0.45 0.45 0.45 0.45 0.45 0.45 0.45 0.45 0.45 0.45
 0.45 0.45 0.45 0.45 0.45 0.45 0.45 0.45 0.45 0.45 0.45 0.45 0.45 0.45
 0.45 0.45 0.45 0.45 0.45 0.45 0.45 0.5  0.5  0.5  0.5  0.5  0.5  0.5
 0.5  0.5  0.5  0.5  0.5  0.5  0.5  0.5  0.5  0.5  0.5  0.5  0.5  0.5
 0.5  0.5  0.5  0.5  0.5  0.5  0.5  0.5  0.5  0.5  0.5  0.5  0.5  0.5
 0.5  0.5  0.5  0.5  0.5  0.5  0.5  0.5  0.5  0.5  0.5  0.5  0.5  0.5
 0.5  0.5  0.5  0.5  0.5  0.5  0.5  0.5  0.5  0.5  0.5  0.5  0.5  0.5
 0.5  0.5  0.5  0.5  0.5  0.5  0.5  0.5  0.5  0.5  0.5  0.5  0.5  0.5
 0.5  0.5  0.5  0.5  0.5  0.5  0.55 0.55 0.55 0.55 0.55 0.55 0.55 0.55
 0.55 0.55 0.55 0.55 0.55 0.55 0.55 0.55 0.55 0.55 0.55 0.55 0.55 0.6
 0.65 0.65 0.65 0.65 0.65 0.65 0.65 0.65 0.65 0.65 0.65 0.65 0.65 0.65
 0.65 0.65 0.65 0.65 0.7  0.7  0.7  0.7  0.7  0.7  0.7  0.7  0.7  0.75
 0.75 0.75 0.75 0.75 0.75 0.75 0.75 0.75 0.75 0.75 0.8  0.8  0.8  0.8
 0.8  0.8  0.8  0.8  0.8  0.8  0.8  0.8  0.8  0.8  0.8  0.8  0.8  0.85
 0.85 0.9  0.9  0.9  0.9  0.9  0.9  0.9  0.9  0.9  0.9 ]
In Vals: [0.00638278 0.02030809 0.01656231 0.84047949 0.94840474 0.98637477
 0.33873194 0.48629408 0.97028358 0.641073   0.05356115 0.00110416
 0.91210977 0.87483909 0.94436873 0.58254458 0.83824709 0.19622794
 0.79812339 0.89034006]
Out Vals: [0.02117053 0.13232856 0.23059522 0.38235763 0.41731276 0.4874377
 0.49610958 0.51155964 0.51414985 0.57997086 0.63286755 0.65019474
 0.74377402 0.74627549 0.9258442  0.92805814 0.95425867 0.95465395
 0.96591724]

K=64
FPRs: [0.         0.05263158 0.05263158 0.05263158 0.05263158 0.05263158
 0.05263158 0.05263158 0.05263158 0.05263158 0.05263158 0.05263158
 0.05263158 0.05263158 0.05263158 0.05263158 0.05263158 0.05263158
 0.05263158 0.05263158 0.05263158 0.05263158 0.05263158 0.05263158
 0.05263158 0.05263158 0.05263158 0.10526316 0.10526316 0.10526316
 0.10526316 0.10526316 0.10526316 0.10526316 0.10526316 0.10526316
 0.10526316 0.10526316 0.10526316 0.10526316 0.10526316 0.10526316
 0.10526316 0.10526316 0.10526316 0.10526316 0.10526316 0.10526316
 0.10526316 0.15789474 0.15789474 0.15789474 0.15789474 0.15789474
 0.15789474 0.15789474 0.15789474 0.15789474 0.15789474 0.15789474
 0.15789474 0.15789474 0.15789474 0.15789474 0.15789474 0.15789474
 0.15789474 0.15789474 0.15789474 0.15789474 0.15789474 0.15789474
 0.15789474 0.15789474 0.15789474 0.15789474 0.21052632 0.21052632
 0.21052632 0.21052632 0.21052632 0.21052632 0.21052632 0.21052632
 0.21052632 0.21052632 0.21052632 0.21052632 0.21052632 0.21052632
 0.21052632 0.21052632 0.21052632 0.21052632 0.21052632 0.21052632
 0.21052632 0.21052632 0.21052632 0.21052632 0.21052632 0.21052632
 0.21052632 0.21052632 0.21052632 0.21052632 0.21052632 0.21052632
 0.21052632 0.21052632 0.21052632 0.21052632 0.26315789 0.26315789
 0.26315789 0.26315789 0.26315789 0.26315789 0.26315789 0.26315789
 0.26315789 0.26315789 0.26315789 0.31578947 0.31578947 0.31578947
 0.31578947 0.31578947 0.31578947 0.31578947 0.31578947 0.31578947
 0.31578947 0.31578947 0.31578947 0.31578947 0.31578947 0.31578947
 0.31578947 0.31578947 0.31578947 0.31578947 0.31578947 0.31578947
 0.31578947 0.31578947 0.31578947 0.31578947 0.31578947 0.31578947
 0.31578947 0.31578947 0.31578947 0.31578947 0.31578947 0.31578947
 0.31578947 0.31578947 0.31578947 0.31578947 0.31578947 0.31578947
 0.31578947 0.36842105 0.36842105 0.36842105 0.36842105 0.36842105
 0.36842105 0.36842105 0.42105263 0.42105263 0.42105263 0.42105263
 0.42105263 0.42105263 0.42105263 0.42105263 0.42105263 0.42105263
 0.42105263 0.42105263 0.42105263 0.42105263 0.42105263 0.42105263
 0.42105263 0.42105263 0.42105263 0.42105263 0.42105263 0.42105263
 0.42105263 0.42105263 0.42105263 0.47368421 0.47368421 0.47368421
 0.47368421 0.47368421 0.47368421 0.47368421 0.47368421 0.47368421
 0.47368421 0.47368421 0.47368421 0.47368421 0.47368421 0.47368421
 0.47368421 0.47368421 0.47368421 0.47368421 0.47368421 0.47368421
 0.47368421 0.47368421 0.47368421 0.47368421 0.47368421 0.47368421
 0.47368421 0.47368421 0.47368421 0.47368421 0.47368421 0.52631579
 0.52631579 0.52631579 0.57894737 0.57894737 0.57894737 0.57894737
 0.57894737 0.57894737 0.57894737 0.57894737 0.63157895 0.63157895
 0.63157895 0.63157895 0.63157895 0.63157895 0.63157895 0.63157895
 0.63157895 0.63157895 0.63157895 0.63157895 0.63157895 0.63157895
 0.63157895 0.63157895 0.63157895 0.63157895 0.63157895 0.63157895
 0.63157895 0.63157895 0.63157895 0.63157895 0.63157895 0.63157895
 0.63157895 0.63157895 0.63157895 0.63157895 0.63157895 0.63157895
 0.63157895 0.63157895 0.63157895 0.63157895 0.63157895 0.63157895
 0.63157895 0.63157895 0.63157895 0.63157895 0.63157895 0.63157895
 0.63157895 0.63157895 0.63157895 0.63157895 0.63157895 0.63157895
 0.63157895 0.63157895 0.63157895 0.63157895 0.63157895 0.63157895
 0.63157895 0.63157895 0.63157895 0.63157895 0.63157895 0.63157895
 0.63157895 0.63157895 0.63157895 0.63157895 0.63157895 0.63157895
 0.63157895 0.63157895 0.63157895 0.63157895 0.63157895 0.63157895
 0.63157895 0.63157895 0.63157895 0.63157895 0.63157895 0.63157895
 0.63157895 0.63157895 0.63157895 0.63157895 0.63157895 0.63157895
 0.63157895 0.63157895 0.63157895 0.63157895 0.63157895 0.63157895
 0.63157895 0.63157895 0.63157895 0.63157895 0.63157895 0.63157895
 0.63157895 0.63157895 0.63157895 0.63157895 0.63157895 0.63157895
 0.63157895 0.63157895 0.63157895 0.63157895 0.68421053 0.68421053
 0.68421053 0.68421053 0.68421053 0.68421053 0.68421053 0.68421053
 0.68421053 0.68421053 0.68421053 0.68421053 0.68421053 0.68421053
 0.68421053 0.68421053 0.68421053 0.68421053 0.68421053 0.68421053
 0.68421053 0.68421053 0.68421053 0.68421053 0.68421053 0.68421053
 0.68421053 0.73684211 0.73684211 0.73684211 0.73684211 0.73684211
 0.73684211 0.73684211 0.73684211 0.73684211 0.73684211 0.73684211
 0.73684211 0.73684211 0.73684211 0.73684211 0.73684211 0.73684211
 0.73684211 0.73684211 0.73684211 0.73684211 0.73684211 0.73684211
 0.73684211 0.73684211 0.73684211 0.73684211 0.73684211 0.73684211
 0.73684211 0.73684211 0.73684211 0.73684211 0.73684211 0.73684211
 0.73684211 0.73684211 0.73684211 0.78947368 0.78947368 0.78947368
 0.78947368 0.78947368 0.78947368 0.78947368 0.78947368 0.78947368
 0.78947368 0.78947368 0.78947368 0.89473684 0.89473684 0.89473684
 0.89473684 0.89473684 0.89473684 0.89473684 0.89473684 0.89473684
 0.89473684 0.89473684 0.89473684 0.89473684 0.89473684 0.89473684
 0.89473684 0.89473684 0.89473684 0.89473684 0.89473684 0.89473684
 0.89473684 0.89473684 0.89473684 0.89473684 0.89473684 0.89473684
 0.89473684 0.89473684 0.89473684 0.89473684 0.89473684 0.89473684
 0.89473684 0.89473684 0.89473684 0.89473684 0.89473684 0.89473684
 0.89473684 0.89473684 0.89473684 0.89473684 0.89473684 0.89473684
 0.94736842 0.94736842 0.94736842 0.94736842 0.94736842 0.94736842
 0.94736842 0.94736842 0.94736842 0.94736842 0.94736842 0.94736842
 0.94736842 0.94736842 0.94736842 0.94736842 0.94736842 0.94736842
 0.94736842 0.94736842 0.94736842 0.94736842 0.94736842 0.94736842
 0.94736842 0.94736842 0.94736842 0.94736842 0.94736842 0.94736842
 0.94736842 0.94736842 0.94736842]
TPRs: [0.05 0.05 0.05 0.05 0.05 0.05 0.05 0.05 0.05 0.05 0.05 0.05 0.05 0.05
 0.05 0.05 0.05 0.05 0.05 0.05 0.05 0.05 0.05 0.05 0.05 0.05 0.05 0.05
 0.05 0.05 0.05 0.05 0.05 0.05 0.05 0.05 0.05 0.05 0.05 0.05 0.05 0.05
 0.05 0.05 0.05 0.05 0.05 0.05 0.05 0.05 0.05 0.05 0.05 0.05 0.05 0.05
 0.05 0.05 0.05 0.05 0.05 0.05 0.05 0.05 0.05 0.1  0.1  0.1  0.1  0.1
 0.1  0.1  0.1  0.1  0.1  0.1  0.1  0.1  0.1  0.1  0.1  0.1  0.1  0.1
 0.1  0.1  0.1  0.1  0.1  0.1  0.1  0.1  0.1  0.1  0.1  0.1  0.1  0.1
 0.1  0.1  0.15 0.15 0.15 0.15 0.15 0.15 0.15 0.15 0.15 0.15 0.15 0.15
 0.15 0.15 0.15 0.15 0.15 0.15 0.15 0.15 0.15 0.15 0.15 0.15 0.15 0.15
 0.15 0.15 0.15 0.15 0.15 0.15 0.15 0.15 0.15 0.15 0.15 0.15 0.15 0.15
 0.15 0.15 0.15 0.15 0.15 0.15 0.15 0.15 0.15 0.15 0.15 0.15 0.15 0.15
 0.15 0.15 0.15 0.15 0.15 0.15 0.15 0.15 0.15 0.15 0.15 0.15 0.15 0.15
 0.2  0.2  0.2  0.2  0.2  0.2  0.2  0.2  0.2  0.2  0.2  0.2  0.2  0.2
 0.2  0.2  0.2  0.2  0.2  0.2  0.2  0.2  0.2  0.2  0.2  0.2  0.2  0.2
 0.2  0.2  0.2  0.2  0.2  0.2  0.2  0.2  0.2  0.2  0.2  0.2  0.2  0.2
 0.2  0.25 0.25 0.25 0.25 0.25 0.25 0.25 0.25 0.25 0.25 0.3  0.3  0.3
 0.3  0.3  0.3  0.35 0.35 0.35 0.35 0.35 0.4  0.4  0.4  0.4  0.4  0.4
 0.4  0.4  0.4  0.4  0.4  0.4  0.4  0.4  0.4  0.4  0.4  0.4  0.4  0.4
 0.4  0.4  0.4  0.4  0.4  0.4  0.4  0.4  0.4  0.4  0.4  0.4  0.4  0.4
 0.4  0.4  0.4  0.4  0.45 0.45 0.45 0.45 0.45 0.45 0.45 0.45 0.45 0.45
 0.45 0.45 0.45 0.45 0.45 0.45 0.45 0.45 0.45 0.45 0.45 0.45 0.45 0.45
 0.45 0.45 0.45 0.45 0.45 0.45 0.45 0.45 0.45 0.45 0.45 0.45 0.5  0.5
 0.5  0.5  0.5  0.55 0.55 0.55 0.55 0.55 0.6  0.6  0.6  0.6  0.6  0.6
 0.6  0.6  0.6  0.6  0.6  0.6  0.6  0.6  0.6  0.6  0.6  0.6  0.6  0.6
 0.6  0.6  0.6  0.6  0.6  0.6  0.6  0.6  0.6  0.6  0.6  0.6  0.6  0.6
 0.6  0.6  0.6  0.6  0.6  0.6  0.6  0.65 0.65 0.65 0.65 0.65 0.65 0.7
 0.7  0.7  0.7  0.7  0.7  0.7  0.7  0.7  0.7  0.7  0.7  0.7  0.7  0.7
 0.7  0.7  0.7  0.7  0.7  0.7  0.7  0.7  0.7  0.7  0.7  0.7  0.7  0.7
 0.7  0.7  0.7  0.7  0.7  0.7  0.7  0.7  0.7  0.7  0.7  0.7  0.7  0.7
 0.7  0.7  0.7  0.7  0.7  0.7  0.7  0.7  0.7  0.7  0.7  0.7  0.7  0.7
 0.75 0.75 0.75 0.75 0.75 0.75 0.75 0.75 0.8  0.8  0.8  0.8  0.8  0.8
 0.8  0.8  0.8  0.8  0.8  0.8  0.8  0.8  0.8  0.8  0.85 0.85 0.85 0.85
 0.85 0.85 0.85 0.85 0.85 0.85 0.85 0.85 0.85 0.85 0.85 0.85 0.85 0.85
 0.85 0.85 0.85 0.85 0.85 0.85 0.85 0.85 0.85 0.85 0.85 0.9  0.9  0.9
 0.9  0.95 0.95 0.95 0.95 0.95 0.95 0.95 0.95 0.95 0.95 0.95 1.   1.
 1.   1.   1.   1.   1.   1.   1.   1.   1.   1.   1.  ]
In Vals: [0.62100766 0.5497584  0.62917848 0.46592354 0.00266672 0.15037948
 0.47609793 0.21888941 0.95347487 0.73149302 0.84178668 0.71872639
 0.63978877 0.97443522 0.43452767 0.88922267 0.35066174 0.45351168
 0.85800041 0.94660849]
Out Vals: [0.02455527 0.07567344 0.11842346 0.17181146 0.24283617 0.26261657
 0.34083883 0.35579727 0.40462648 0.46702303 0.4714269  0.48841592
 0.69736665 0.7513714  0.82434472 0.84794082 0.84915333 0.93553012
 0.99936775]

K=256
FPRs: [0.         0.05263158 0.05263158 0.05263158 0.05263158 0.05263158
 0.05263158 0.05263158 0.05263158 0.05263158 0.05263158 0.10526316
 0.10526316 0.10526316 0.10526316 0.10526316 0.10526316 0.10526316
 0.10526316 0.10526316 0.10526316 0.10526316 0.10526316 0.10526316
 0.10526316 0.10526316 0.10526316 0.15789474 0.15789474 0.15789474
 0.15789474 0.15789474 0.15789474 0.15789474 0.15789474 0.15789474
 0.15789474 0.15789474 0.15789474 0.15789474 0.15789474 0.15789474
 0.15789474 0.15789474 0.15789474 0.15789474 0.15789474 0.15789474
 0.15789474 0.15789474 0.15789474 0.15789474 0.15789474 0.15789474
 0.15789474 0.15789474 0.15789474 0.15789474 0.15789474 0.15789474
 0.15789474 0.15789474 0.15789474 0.15789474 0.15789474 0.15789474
 0.15789474 0.15789474 0.15789474 0.15789474 0.15789474 0.15789474
 0.15789474 0.15789474 0.15789474 0.15789474 0.15789474 0.15789474
 0.15789474 0.15789474 0.15789474 0.15789474 0.15789474 0.15789474
 0.15789474 0.15789474 0.15789474 0.15789474 0.15789474 0.15789474
 0.15789474 0.15789474 0.15789474 0.15789474 0.15789474 0.15789474
 0.15789474 0.15789474 0.15789474 0.15789474 0.15789474 0.15789474
 0.15789474 0.15789474 0.15789474 0.15789474 0.15789474 0.15789474
 0.15789474 0.15789474 0.15789474 0.15789474 0.15789474 0.15789474
 0.15789474 0.21052632 0.21052632 0.21052632 0.21052632 0.21052632
 0.21052632 0.21052632 0.21052632 0.21052632 0.21052632 0.21052632
 0.21052632 0.21052632 0.21052632 0.21052632 0.21052632 0.21052632
 0.21052632 0.21052632 0.21052632 0.21052632 0.21052632 0.21052632
 0.21052632 0.21052632 0.21052632 0.21052632 0.21052632 0.21052632
 0.21052632 0.21052632 0.21052632 0.21052632 0.21052632 0.21052632
 0.21052632 0.21052632 0.21052632 0.21052632 0.21052632 0.21052632
 0.21052632 0.21052632 0.21052632 0.21052632 0.21052632 0.21052632
 0.21052632 0.21052632 0.21052632 0.21052632 0.21052632 0.21052632
 0.21052632 0.21052632 0.21052632 0.21052632 0.21052632 0.21052632
 0.21052632 0.21052632 0.21052632 0.21052632 0.21052632 0.21052632
 0.21052632 0.21052632 0.21052632 0.21052632 0.21052632 0.21052632
 0.21052632 0.21052632 0.21052632 0.21052632 0.21052632 0.21052632
 0.21052632 0.21052632 0.21052632 0.21052632 0.21052632 0.21052632
 0.21052632 0.21052632 0.26315789 0.31578947 0.31578947 0.31578947
 0.31578947 0.31578947 0.31578947 0.31578947 0.31578947 0.31578947
 0.31578947 0.31578947 0.31578947 0.31578947 0.31578947 0.31578947
 0.31578947 0.31578947 0.31578947 0.31578947 0.31578947 0.31578947
 0.31578947 0.31578947 0.31578947 0.31578947 0.31578947 0.31578947
 0.31578947 0.31578947 0.31578947 0.31578947 0.31578947 0.31578947
 0.31578947 0.31578947 0.31578947 0.36842105 0.36842105 0.36842105
 0.36842105 0.36842105 0.36842105 0.36842105 0.36842105 0.36842105
 0.36842105 0.36842105 0.36842105 0.36842105 0.42105263 0.42105263
 0.42105263 0.42105263 0.42105263 0.42105263 0.42105263 0.42105263
 0.42105263 0.42105263 0.42105263 0.42105263 0.42105263 0.42105263
 0.42105263 0.42105263 0.42105263 0.42105263 0.42105263 0.42105263
 0.42105263 0.42105263 0.42105263 0.42105263 0.42105263 0.47368421
 0.47368421 0.47368421 0.47368421 0.47368421 0.47368421 0.47368421
 0.47368421 0.47368421 0.47368421 0.47368421 0.47368421 0.47368421
 0.52631579 0.52631579 0.52631579 0.52631579 0.52631579 0.52631579
 0.57894737 0.57894737 0.57894737 0.57894737 0.57894737 0.57894737
 0.57894737 0.57894737 0.57894737 0.57894737 0.57894737 0.57894737
 0.57894737 0.57894737 0.57894737 0.57894737 0.57894737 0.57894737
 0.57894737 0.57894737 0.57894737 0.57894737 0.57894737 0.57894737
 0.57894737 0.57894737 0.57894737 0.57894737 0.57894737 0.57894737
 0.57894737 0.57894737 0.57894737 0.57894737 0.57894737 0.57894737
 0.57894737 0.57894737 0.57894737 0.57894737 0.57894737 0.57894737
 0.57894737 0.57894737 0.57894737 0.57894737 0.57894737 0.57894737
 0.57894737 0.57894737 0.57894737 0.57894737 0.57894737 0.57894737
 0.57894737 0.57894737 0.57894737 0.57894737 0.57894737 0.57894737
 0.57894737 0.57894737 0.57894737 0.57894737 0.57894737 0.57894737
 0.57894737 0.57894737 0.57894737 0.57894737 0.57894737 0.57894737
 0.57894737 0.57894737 0.57894737 0.57894737 0.57894737 0.57894737
 0.57894737 0.57894737 0.57894737 0.57894737 0.57894737 0.57894737
 0.57894737 0.57894737 0.57894737 0.57894737 0.57894737 0.57894737
 0.57894737 0.57894737 0.57894737 0.57894737 0.57894737 0.57894737
 0.57894737 0.57894737 0.57894737 0.57894737 0.57894737 0.57894737
 0.63157895 0.63157895 0.63157895 0.63157895 0.63157895 0.63157895
 0.63157895 0.63157895 0.63157895 0.63157895 0.63157895 0.63157895
 0.63157895 0.63157895 0.63157895 0.63157895 0.63157895 0.63157895
 0.63157895 0.63157895 0.63157895 0.63157895 0.63157895 0.68421053
 0.68421053 0.68421053 0.68421053 0.68421053 0.73684211 0.73684211
 0.73684211 0.73684211 0.73684211 0.73684211 0.73684211 0.73684211
 0.73684211 0.73684211 0.73684211 0.73684211 0.73684211 0.73684211
 0.73684211 0.73684211 0.73684211 0.73684211 0.78947368 0.78947368
 0.78947368 0.78947368 0.78947368 0.78947368 0.78947368 0.78947368
 0.78947368 0.78947368 0.78947368 0.78947368 0.78947368 0.78947368
 0.78947368 0.78947368 0.78947368 0.78947368 0.78947368 0.78947368
 0.78947368 0.78947368 0.78947368 0.78947368 0.84210526 0.84210526
 0.84210526 0.84210526 0.84210526 0.84210526 0.84210526 0.84210526
 0.84210526 0.84210526 0.84210526 0.84210526 0.84210526 0.84210526
 0.84210526 0.84210526 0.84210526 0.84210526 0.84210526 0.84210526
 0.84210526 0.84210526 0.84210526 0.89473684 0.89473684 0.89473684
 0.89473684 0.89473684 0.94736842 0.94736842 0.94736842 0.94736842
 0.94736842 0.94736842 0.94736842]
TPRs: [0.05 0.05 0.05 0.05 0.05 0.05 0.05 0.1  0.1  0.1  0.1  0.1  0.1  0.1
 0.1  0.1  0.1  0.1  0.1  0.1  0.1  0.1  0.1  0.1  0.1  0.1  0.1  0.1
 0.1  0.1  0.1  0.1  0.1  0.1  0.1  0.1  0.15 0.15 0.15 0.15 0.15 0.15
 0.15 0.15 0.15 0.15 0.15 0.15 0.15 0.15 0.15 0.15 0.15 0.15 0.15 0.15
 0.15 0.15 0.15 0.15 0.15 0.15 0.15 0.15 0.15 0.15 0.15 0.15 0.15 0.15
 0.15 0.15 0.15 0.15 0.15 0.15 0.15 0.15 0.15 0.15 0.15 0.15 0.15 0.2
 0.2  0.2  0.2  0.25 0.25 0.25 0.3  0.3  0.3  0.3  0.3  0.3  0.3  0.3
 0.3  0.3  0.3  0.3  0.3  0.3  0.3  0.3  0.3  0.3  0.3  0.3  0.3  0.3
 0.35 0.35 0.35 0.35 0.35 0.35 0.35 0.35 0.35 0.35 0.35 0.35 0.35 0.35
 0.35 0.35 0.35 0.35 0.35 0.35 0.35 0.35 0.35 0.35 0.35 0.35 0.35 0.35
 0.35 0.35 0.35 0.35 0.35 0.35 0.35 0.35 0.35 0.35 0.35 0.35 0.35 0.35
 0.35 0.35 0.35 0.35 0.35 0.35 0.35 0.4  0.4  0.4  0.4  0.4  0.4  0.4
 0.4  0.4  0.4  0.4  0.4  0.4  0.4  0.4  0.4  0.4  0.4  0.4  0.4  0.4
 0.45 0.45 0.45 0.45 0.45 0.45 0.45 0.45 0.45 0.45 0.45 0.45 0.45 0.45
 0.45 0.45 0.45 0.45 0.45 0.45 0.45 0.45 0.45 0.45 0.45 0.5  0.5  0.5
 0.5  0.5  0.5  0.55 0.55 0.55 0.55 0.55 0.55 0.55 0.55 0.55 0.55 0.55
 0.55 0.55 0.55 0.55 0.55 0.55 0.6  0.6  0.6  0.6  0.6  0.6  0.6  0.6
 0.6  0.6  0.6  0.6  0.6  0.6  0.6  0.6  0.6  0.6  0.6  0.6  0.6  0.6
 0.6  0.6  0.6  0.6  0.6  0.6  0.6  0.6  0.6  0.6  0.6  0.6  0.6  0.6
 0.6  0.6  0.6  0.6  0.6  0.6  0.6  0.6  0.6  0.65 0.65 0.65 0.65 0.65
 0.65 0.65 0.65 0.65 0.65 0.65 0.65 0.65 0.65 0.7  0.7  0.7  0.7  0.7
 0.7  0.7  0.7  0.7  0.7  0.7  0.7  0.7  0.7  0.7  0.7  0.7  0.7  0.7
 0.7  0.7  0.7  0.7  0.7  0.7  0.7  0.7  0.7  0.7  0.7  0.7  0.7  0.7
 0.7  0.7  0.7  0.7  0.7  0.7  0.7  0.7  0.7  0.7  0.7  0.7  0.7  0.7
 0.7  0.7  0.7  0.75 0.75 0.75 0.75 0.75 0.75 0.75 0.75 0.75 0.75 0.75
 0.75 0.75 0.75 0.75 0.75 0.75 0.75 0.75 0.75 0.75 0.75 0.75 0.75 0.75
 0.75 0.75 0.75 0.75 0.75 0.75 0.75 0.8  0.85 0.85 0.85 0.85 0.85 0.85
 0.85 0.85 0.85 0.85 0.85 0.85 0.85 0.85 0.85 0.85 0.85 0.85 0.85 0.85
 0.85 0.85 0.85 0.85 0.85 0.85 0.85 0.85 0.85 0.85 0.85 0.85 0.85 0.85
 0.85 0.85 0.85 0.85 0.85 0.85 0.85 0.85 0.85 0.85 0.85 0.85 0.85 0.85
 0.85 0.85 0.85 0.85 0.85 0.85 0.85 0.85 0.85 0.85 0.85 0.85 0.85 0.85
 0.85 0.85 0.85 0.85 0.85 0.85 0.85 0.85 0.85 0.85 0.85 0.85 0.85 0.85
 0.85 0.85 0.85 0.85 0.85 0.85 0.85 0.85 0.85 0.85 0.85 0.85 0.85 0.85
 0.85 0.9  0.9  0.9  0.9  0.9  0.9  0.9  0.9  0.95 0.95 0.95 0.95 0.95
 0.95 0.95 0.95 0.95 0.95 0.95 0.95 0.95 0.95 0.95 0.95 0.95 0.95 0.95
 0.95 0.95 0.95 0.95 0.95 0.95 0.95 1.   1.   1.   1.  ]
In Vals: [0.18828346 0.92494755 0.04151977 0.74805763 0.00587077 0.5880682
 0.19699006 0.43958945 0.37938145 0.42829508 0.74723492 0.09789144
 0.34007733 0.55991501 0.68447277 0.20133456 0.9909052  0.24503936
 0.94043106 0.47429105]
Out Vals: [0.02833219 0.0487746  0.07919463 0.25110345 0.41515595 0.41714823
 0.48657648 0.51248585 0.55985035 0.58488338 0.5966104  0.79434647
 0.84077071 0.84879222 0.8839585  0.93146789 0.97605291 0.98469939
 0.99788539]

